13, 103, 577
13, 207, 176
13, 208, 157
103, 103, 0
103, 207, 506
103, 208, 583
207, 103, 446
207, 207, 0
207, 208, 311
23, 188, 147
23, 189, 288
23, 240, 169
188, 188, 0
188, 189, 141
188, 240, 334
189, 188, 172
189, 189, 0
189, 240, 507
70, 75, 100
70, 139, 104
70, 363, 275
70, 362, 462
70, 138, 201
75, 75, 0
75, 139, 136
75, 363, 231
75, 362, 418
75, 138, 234
139, 75, 126
139, 139, 0
139, 363, 310
139, 362, 497
139, 138, 97
363, 75, 169
363, 139, 219
363, 363, 0
363, 362, 368
363, 138, 316
362, 75, 341
362, 139, 391
362, 363, 172
362, 362, 0
362, 138, 488
218, 219, 309
218, 222, 413
219, 219, 0
219, 222, 344
27, 29, 89
27, 201, 207
29, 29, 0
29, 201, 117
315, 318, 417
315, 319, 322
315, 322, 314
315, 323, 333
318, 318, 0
318, 319, 155
318, 322, 354
318, 323, 373
319, 318, 158
319, 319, 0
319, 322, 199
319, 323, 218
322, 318, 337
322, 319, 179
322, 322, 0
322, 323, 38
422, 423, 678
316, 317, 180
36, 229, 445
36, 230, 336
36, 239, 297
36, 437, 276
36, 8, 495
229, 229, 0
229, 230, 125
229, 239, 335
229, 437, 134
229, 8, 183
230, 229, 109
230, 230, 0
230, 239, 210
230, 437, 209
230, 8, 285
239, 229, 316
239, 230, 206
239, 239, 0
239, 437, 310
239, 8, 491
437, 229, 231
437, 230, 203
437, 239, 387
437, 437, 0
437, 8, 392
40, 86, 178
40, 279, 122
86, 86, 0
86, 279, 305
148, 151, 109
148, 305, 246
148, 371, 428
151, 151, 0
151, 305, 137
151, 371, 319
305, 151, 249
305, 305, 0
305, 371, 435
251, 250, 223
241, 242, 412
241, 123, 483
242, 242, 0
242, 123, 70
265, 267, 126
265, 268, 272
265, 269, 178
267, 267, 0
267, 268, 146
267, 269, 127
268, 267, 128
268, 268, 0
268, 269, 158
339, 342, 434
339, 343, 497
342, 342, 0
342, 343, 423
168, 172, 180
168, 260, 443
168, 294, 361
172, 172, 0
172, 260, 256
172, 294, 256
260, 172, 413
260, 260, 0
260, 294, 487
3, 35, 299
3, 114, 360
3, 115, 131
3, 119, 148
3, 120, 285
3, 121, 202
3, 127, 272
3, 117, 323
3, 453, 339
35, 35, 0
35, 114, 471
35, 115, 383
35, 119, 413
35, 120, 416
35, 121, 258
35, 127, 496
35, 117, 542
35, 453, 563
114, 35, 381
114, 114, 0
114, 115, 335
114, 119, 83
114, 120, 397
114, 121, 470
114, 127, 476
114, 117, 528
114, 453, 415
115, 35, 336
115, 114, 420
115, 115, 0
115, 119, 208
115, 120, 256
115, 121, 239
115, 127, 138
115, 117, 190
115, 453, 234
119, 35, 303
119, 114, 192
119, 115, 247
119, 119, 0
119, 120, 309
119, 121, 382
119, 127, 388
119, 117, 439
119, 453, 327
120, 35, 430
120, 114, 521
120, 115, 23
120, 119, 381
120, 120, 0
120, 121, 271
120, 127, 165
120, 117, 216
120, 453, 139
121, 35, 187
121, 114, 482
121, 115, 125
121, 119, 270
121, 120, 158
121, 121, 0
121, 127, 238
121, 117, 284
121, 453, 305
127, 35, 344
127, 114, 539
127, 115, 113
127, 119, 326
127, 120, 226
127, 121, 157
127, 127, 0
127, 117, 159
127, 453, 204
117, 35, 614
117, 114, 530
117, 115, 289
117, 119, 418
117, 120, 178
117, 121, 451
117, 127, 294
117, 117, 0
117, 453, 95
68, 307, 156
68, 341, 308
307, 307, 0
307, 341, 152
380, 388, 298
380, 392, 155
380, 373, 219
380, 374, 190
380, 381, 148
388, 388, 0
388, 392, 140
388, 373, 496
388, 374, 536
388, 381, 442
392, 388, 143
392, 392, 0
392, 373, 372
392, 374, 412
392, 381, 303
373, 388, 445
373, 392, 302
373, 373, 0
373, 374, 234
373, 381, 77
374, 388, 585
374, 392, 443
374, 373, 159
374, 374, 0
374, 381, 190
37, 74, 372
37, 297, 216
37, 300, 387
74, 74, 0
74, 297, 472
74, 300, 132
297, 74, 511
297, 297, 0
297, 300, 474
32, 450, 156
32, 471, 273
32, 472, 207
450, 450, 0
450, 471, 109
450, 472, 257
471, 450, 99
471, 471, 0
471, 472, 266
94, 100, 186
94, 137, 385
94, 153, 114
100, 100, 0
100, 137, 330
100, 153, 158
137, 100, 393
137, 137, 0
137, 153, 283
161, 192, 336
161, 85, 404
161, 87, 390
192, 192, 0
192, 85, 144
192, 87, 658
85, 192, 285
85, 85, 0
85, 87, 780
11, 12, 238
11, 45, 431
11, 212, 427
11, 213, 280
11, 214, 121
11, 225, 311
12, 12, 0
12, 45, 598
12, 212, 550
12, 213, 447
12, 214, 293
12, 225, 379
45, 12, 568
45, 45, 0
45, 212, 84
45, 213, 194
45, 214, 497
45, 225, 319
212, 12, 548
212, 45, 170
212, 212, 0
212, 213, 252
212, 214, 499
212, 225, 295
213, 12, 394
213, 45, 234
213, 212, 242
213, 213, 0
213, 214, 339
213, 225, 145
214, 12, 116
214, 45, 547
214, 212, 499
214, 213, 396
214, 214, 0
214, 225, 393
5, 266, 216
299, 301, 293
299, 372, 218
301, 301, 0
301, 372, 230
449, 457, 123
449, 461, 210
449, 467, 438
457, 457, 0
457, 461, 360
457, 467, 588
461, 457, 231
461, 461, 0
461, 467, 341
44, 129, 316
44, 130, 197
129, 129, 0
129, 130, 252
2, 30, 592
2, 59, 440
2, 79, 330
2, 80, 512
2, 93, 335
2, 146, 277
2, 196, 285
2, 203, 617
2, 346, 161
2, 347, 287
2, 348, 198
2, 352, 320
2, 353, 122
2, 354, 375
2, 358, 275
2, 361, 417
2, 465, 409
30, 30, 0
30, 59, 477
30, 79, 360
30, 80, 97
30, 93, 756
30, 146, 294
30, 196, 384
30, 203, 26
30, 346, 658
30, 347, 581
30, 348, 373
30, 352, 740
30, 353, 542
30, 354, 764
30, 358, 390
30, 361, 516
30, 465, 174
59, 30, 253
59, 59, 0
59, 79, 91
59, 80, 174
59, 93, 525
59, 146, 75
59, 196, 112
59, 203, 280
59, 346, 387
59, 347, 350
59, 348, 142
59, 352, 509
59, 353, 311
59, 354, 533
59, 358, 118
59, 361, 245
59, 465, 71
79, 30, 399
79, 59, 117
79, 79, 0
79, 80, 320
79, 93, 642
79, 146, 193
79, 196, 236
79, 203, 425
79, 346, 507
79, 347, 467
79, 348, 259
79, 352, 626
79, 353, 428
79, 354, 650
79, 358, 241
79, 361, 368
79, 465, 189
80, 30, 79
80, 59, 380
80, 79, 263
80, 80, 0
80, 93, 658
80, 146, 197
80, 196, 287
80, 203, 106
80, 346, 561
80, 347, 483
80, 348, 275
80, 352, 642
80, 353, 444
80, 354, 666
80, 358, 293
80, 361, 419
80, 465, 77
93, 30, 709
93, 59, 656
93, 79, 546
93, 80, 696
93, 93, 0
93, 146, 493
93, 196, 501
93, 203, 669
93, 346, 384
93, 347, 445
93, 348, 422
93, 352, 59
93, 353, 338
93, 354, 171
93, 358, 491
93, 361, 633
93, 465, 625
146, 30, 311
146, 59, 167
146, 79, 50
146, 80, 232
146, 93, 523
146, 146, 0
146, 196, 74
146, 203, 338
146, 346, 348
146, 347, 517
146, 348, 309
146, 352, 508
146, 353, 444
146, 354, 563
146, 358, 80
146, 361, 206
146, 465, 128
196, 30, 576
196, 59, 431
196, 79, 314
196, 80, 497
196, 93, 449
196, 146, 261
196, 196, 0
196, 203, 603
196, 346, 274
196, 347, 610
196, 348, 430
196, 352, 434
196, 353, 370
196, 354, 489
196, 358, 344
196, 361, 132
196, 465, 393
203, 30, 28
203, 59, 366
203, 79, 388
203, 80, 125
203, 93, 783
203, 146, 322
203, 196, 412
203, 203, 0
203, 346, 686
203, 347, 608
203, 348, 400
203, 352, 767
203, 353, 569
203, 354, 791
203, 358, 418
203, 361, 544
203, 465, 202
346, 30, 716
346, 59, 564
346, 79, 454
346, 80, 636
346, 93, 175
346, 146, 401
346, 196, 409
346, 203, 697
346, 346, 0
346, 347, 355
346, 348, 322
346, 352, 160
346, 353, 246
346, 354, 215
346, 358, 400
346, 361, 387
346, 465, 533
347, 30, 611
347, 59, 460
347, 79, 349
347, 80, 531
347, 93, 270
347, 146, 296
347, 196, 304
347, 203, 614
347, 346, 250
347, 347, 0
347, 348, 217
347, 352, 255
347, 353, 141
347, 354, 310
347, 358, 295
347, 361, 436
347, 465, 428
348, 30, 418
348, 59, 440
348, 79, 375
348, 80, 339
348, 93, 381
348, 146, 322
348, 196, 330
348, 203, 415
348, 346, 250
348, 347, 206
348, 348, 0
348, 352, 365
348, 353, 167
348, 354, 389
348, 358, 320
348, 361, 462
348, 465, 454
352, 30, 733
352, 59, 680
352, 79, 570
352, 80, 720
352, 93, 15
352, 146, 517
352, 196, 525
352, 203, 693
352, 346, 408
352, 347, 469
352, 348, 446
352, 352, 0
352, 353, 362
352, 354, 195
352, 358, 515
352, 361, 537
352, 465, 649
353, 30, 470
353, 59, 318
353, 79, 208
353, 80, 390
353, 93, 387
353, 146, 155
353, 196, 163
353, 203, 496
353, 346, 213
353, 347, 549
353, 348, 369
353, 352, 372
353, 353, 0
353, 354, 427
353, 358, 154
353, 361, 295
353, 465, 287
354, 30, 637
354, 59, 485
354, 79, 375
354, 80, 557
354, 93, 265
354, 146, 322
354, 196, 330
354, 203, 619
354, 346, 275
354, 347, 298
354, 348, 242
354, 352, 250
354, 353, 167
354, 354, 0
354, 358, 321
354, 361, 462
354, 465, 454
358, 30, 446
358, 59, 164
358, 79, 261
358, 80, 367
358, 93, 545
358, 146, 240
358, 196, 283
358, 203, 472
358, 346, 370
358, 347, 514
358, 348, 306
358, 352, 530
358, 353, 466
358, 354, 585
358, 358, 0
358, 361, 228
358, 465, 236
361, 30, 553
361, 59, 401
361, 79, 291
361, 80, 473
361, 93, 317
361, 146, 238
361, 196, 246
361, 203, 579
361, 346, 142
361, 347, 478
361, 348, 298
361, 352, 302
361, 353, 238
361, 354, 357
361, 358, 237
361, 361, 0
361, 465, 370
15, 183, 139
328, 344, 120
26, 254, 300
26, 291, 175
26, 289, 300
254, 254, 0
254, 291, 116
254, 289, 484
291, 254, 126
291, 291, 0
291, 289, 368
165, 166, 121
61, 310, 156
61, 311, 369
61, 389, 463
61, 391, 331
310, 310, 0
310, 311, 400
310, 389, 306
310, 391, 174
311, 310, 374
311, 311, 0
311, 389, 637
311, 391, 541
389, 310, 288
389, 311, 537
389, 389, 0
389, 391, 175
65, 92, 53
65, 102, 412
65, 152, 169
65, 306, 284
65, 345, 225
92, 92, 0
92, 102, 413
92, 152, 117
92, 306, 285
92, 345, 217
102, 92, 391
102, 102, 0
102, 152, 508
102, 306, 325
102, 345, 335
152, 92, 180
152, 102, 360
152, 152, 0
152, 306, 232
152, 345, 340
306, 92, 207
306, 102, 101
306, 152, 307
306, 306, 0
306, 345, 305
46, 47, 353
46, 288, 34
46, 296, 327
46, 140, 228
47, 47, 0
47, 288, 347
47, 296, 159
47, 140, 329
288, 47, 374
288, 288, 0
288, 296, 339
288, 140, 254
296, 47, 26
296, 288, 454
296, 296, 0
296, 140, 334
38, 125, 247
38, 124, 232
125, 125, 0
125, 124, 329
248, 255, 451
248, 271, 471
248, 284, 500
255, 255, 0
255, 271, 345
255, 284, 417
271, 255, 184
271, 271, 0
271, 284, 221
314, 325, 457
314, 336, 329
314, 337, 291
314, 338, 227
314, 340, 255
325, 325, 0
325, 336, 155
325, 337, 271
325, 338, 372
325, 340, 371
336, 325, 132
336, 336, 0
336, 337, 116
336, 338, 218
336, 340, 219
337, 325, 257
337, 336, 125
337, 337, 0
337, 338, 102
337, 340, 225
338, 325, 363
338, 336, 231
338, 337, 107
338, 338, 0
338, 340, 328
17, 51, 219
17, 42, 171
17, 88, 333
51, 51, 0
51, 42, 240
51, 88, 113
42, 51, 234
42, 42, 0
42, 88, 293
109, 108, 401
264, 273, 157
264, 259, 234
273, 273, 0
273, 259, 207
16, 182, 104
63, 163, 439
150, 136, 371
150, 71, 292
150, 147, 321
150, 149, 406
136, 136, 0
136, 71, 391
136, 147, 431
136, 149, 409
71, 136, 386
71, 71, 0
71, 147, 82
71, 149, 114
147, 136, 414
147, 71, 96
147, 147, 0
147, 149, 210
187, 278, 185
247, 272, 122
417, 418, 350
417, 419, 406
417, 420, 135
417, 421, 213
417, 424, 326
417, 427, 238
417, 429, 279
418, 418, 0
418, 419, 280
418, 420, 99
418, 421, 131
418, 424, 244
418, 427, 197
418, 429, 308
419, 418, 88
419, 419, 0
419, 420, 142
419, 421, 219
419, 424, 332
419, 427, 16
419, 429, 313
420, 418, 334
420, 419, 346
420, 420, 0
420, 421, 197
420, 424, 310
420, 427, 287
420, 429, 328
421, 418, 137
421, 419, 149
421, 420, 192
421, 421, 0
421, 424, 382
421, 427, 66
421, 429, 363
424, 418, 222
424, 419, 234
424, 420, 277
424, 421, 85
424, 424, 0
424, 427, 151
424, 429, 448
427, 418, 72
427, 419, 168
427, 420, 126
427, 421, 203
427, 424, 316
427, 427, 0
427, 429, 41
132, 131, 265
184, 185, 118
62, 243, 260
62, 209, 257
243, 243, 0
243, 209, 375
31, 91, 434
31, 144, 619
31, 199, 361
31, 365, 624
31, 143, 542
31, 357, 601
31, 379, 512
91, 91, 0
91, 144, 450
91, 199, 98
91, 365, 454
91, 143, 362
91, 357, 632
91, 379, 271
144, 91, 489
144, 144, 0
144, 199, 410
144, 365, 4
144, 143, 406
144, 357, 199
144, 379, 418
199, 91, 79
199, 144, 365
199, 199, 0
199, 365, 369
199, 143, 277
199, 357, 534
199, 379, 169
365, 91, 485
365, 144, 371
365, 199, 406
365, 365, 0
365, 143, 402
365, 357, 195
365, 379, 414
143, 91, 275
143, 144, 261
143, 199, 274
143, 365, 265
143, 143, 0
143, 357, 460
143, 379, 191
357, 91, 448
357, 144, 175
357, 199, 488
357, 365, 179
357, 143, 442
357, 357, 0
357, 379, 364
186, 246, 257
186, 64, 348
186, 245, 214
246, 246, 0
246, 64, 164
246, 245, 410
64, 246, 306
64, 64, 0
64, 245, 326
106, 107, 292
112, 460, 319
112, 110, 368
460, 460, 0
460, 110, 229
227, 206, 275
227, 226, 238
227, 228, 116
206, 206, 0
206, 226, 523
206, 228, 171
226, 206, 476
226, 226, 0
226, 228, 317
53, 235, 186
53, 236, 437
53, 237, 305
53, 238, 326
235, 235, 0
235, 236, 420
235, 237, 315
235, 238, 140
236, 235, 461
236, 236, 0
236, 237, 218
236, 238, 455
237, 235, 361
237, 236, 211
237, 237, 0
237, 238, 447
34, 73, 242
34, 210, 417
34, 211, 670
34, 232, 640
73, 73, 0
73, 210, 366
73, 211, 622
73, 232, 593
210, 73, 349
210, 210, 0
210, 211, 277
210, 232, 327
211, 73, 548
211, 210, 198
211, 211, 0
211, 232, 226
99, 197, 195
99, 326, 368
99, 332, 246
99, 468, 365
197, 197, 0
197, 326, 568
197, 332, 232
197, 468, 206
326, 197, 368
326, 326, 0
326, 332, 426
326, 468, 538
332, 197, 353
332, 326, 377
332, 332, 0
332, 468, 343
82, 195, 227
82, 97, 161
195, 195, 0
195, 97, 379
77, 78, 122
77, 303, 276
77, 298, 285
78, 78, 0
78, 303, 155
78, 298, 328
303, 78, 151
303, 303, 0
303, 298, 460
22, 24, 311
375, 393, 337
375, 122, 476
375, 367, 607
375, 377, 605
375, 405, 536
375, 366, 314
375, 376, 752
375, 404, 810
375, 14, 575
375, 445, 704
375, 451, 665
375, 452, 988
393, 393, 0
393, 122, 511
393, 367, 642
393, 377, 640
393, 405, 571
393, 366, 489
393, 376, 787
393, 404, 845
393, 14, 737
393, 445, 720
393, 451, 700
393, 452, 910
122, 393, 473
122, 122, 0
122, 367, 358
122, 377, 130
122, 405, 61
122, 366, 316
122, 376, 496
122, 404, 554
122, 14, 452
122, 445, 229
122, 451, 365
122, 452, 748
367, 393, 585
367, 122, 269
367, 367, 0
367, 377, 348
367, 405, 312
367, 366, 199
367, 376, 417
367, 404, 474
367, 14, 345
367, 445, 312
367, 451, 216
367, 452, 673
377, 393, 613
377, 122, 313
377, 367, 339
377, 377, 0
377, 405, 154
377, 366, 455
377, 376, 541
377, 404, 598
377, 14, 609
377, 445, 204
377, 451, 346
377, 452, 746
405, 393, 455
405, 122, 218
405, 367, 295
405, 377, 67
405, 405, 0
405, 366, 298
405, 376, 478
405, 404, 536
405, 14, 434
405, 445, 166
405, 451, 302
405, 452, 709
366, 393, 574
366, 122, 258
366, 367, 389
366, 377, 387
366, 405, 318
366, 366, 0
366, 376, 516
366, 404, 574
366, 14, 313
366, 445, 486
366, 451, 447
366, 452, 770
376, 393, 636
376, 122, 320
376, 367, 66
376, 377, 413
376, 405, 377
376, 366, 250
376, 376, 0
376, 404, 499
376, 14, 396
376, 445, 377
376, 451, 282
376, 452, 738
404, 393, 618
404, 122, 259
404, 367, 390
404, 377, 388
404, 405, 319
404, 366, 113
404, 376, 317
404, 404, 0
404, 14, 272
404, 445, 487
404, 451, 448
404, 452, 771
14, 393, 815
14, 122, 406
14, 367, 270
14, 377, 431
14, 405, 395
14, 366, 343
14, 376, 203
14, 404, 261
14, 14, 0
14, 445, 395
14, 451, 312
14, 452, 757
445, 393, 776
445, 122, 449
445, 367, 475
445, 377, 361
445, 405, 325
445, 366, 626
445, 376, 678
445, 404, 735
445, 14, 745
445, 445, 0
445, 451, 348
445, 452, 725
451, 393, 716
451, 122, 307
451, 367, 213
451, 377, 332
451, 405, 296
451, 366, 412
451, 376, 363
451, 404, 420
451, 14, 411
451, 445, 296
451, 451, 0
451, 452, 464
56, 157, 659
56, 158, 640
56, 160, 402
157, 157, 0
157, 158, 168
157, 160, 281
158, 157, 241
158, 158, 0
158, 160, 257
469, 436, 423
55, 162, 127
55, 164, 252
162, 162, 0
162, 164, 125
313, 320, 158
313, 321, 278
320, 320, 0
320, 321, 148
76, 308, 587
76, 309, 463
308, 308, 0
308, 309, 131
191, 464, 186
191, 458, 244
191, 459, 281
464, 464, 0
464, 458, 353
464, 459, 105
458, 464, 312
458, 458, 0
458, 459, 406
57, 156, 441
57, 176, 228
57, 179, 258
57, 410, 399
57, 411, 252
57, 295, 599
156, 156, 0
156, 176, 297
156, 179, 339
156, 410, 162
156, 411, 363
156, 295, 418
176, 156, 286
176, 176, 0
176, 179, 255
176, 410, 373
176, 411, 222
176, 295, 583
179, 156, 419
179, 176, 268
179, 179, 0
179, 410, 466
179, 411, 488
179, 295, 536
410, 156, 170
410, 176, 369
410, 179, 519
410, 410, 0
410, 411, 229
410, 295, 284
411, 156, 188
411, 176, 261
411, 179, 488
411, 410, 183
411, 411, 0
411, 295, 414
4, 72, 346
4, 116, 577
4, 193, 501
4, 215, 208
4, 216, 312
4, 217, 445
4, 223, 480
4, 224, 393
4, 281, 532
4, 282, 451
4, 384, 232
4, 385, 485
72, 72, 0
72, 116, 595
72, 193, 339
72, 215, 187
72, 216, 208
72, 217, 340
72, 223, 484
72, 224, 393
72, 281, 606
72, 282, 456
72, 384, 306
72, 385, 507
116, 72, 403
116, 116, 0
116, 193, 289
116, 215, 598
116, 216, 637
116, 217, 540
116, 223, 175
116, 224, 305
116, 281, 291
116, 282, 339
116, 384, 341
116, 385, 122
193, 72, 188
193, 116, 432
193, 193, 0
193, 215, 364
193, 216, 412
193, 217, 548
193, 223, 337
193, 224, 241
193, 281, 372
193, 282, 308
193, 384, 128
193, 385, 341
215, 72, 316
215, 116, 709
215, 193, 470
215, 215, 0
215, 216, 264
215, 217, 391
215, 223, 612
215, 224, 518
215, 281, 664
215, 282, 583
215, 384, 364
215, 385, 617
216, 72, 290
216, 116, 639
216, 193, 388
216, 215, 170
216, 216, 0
216, 217, 226
216, 223, 533
216, 224, 471
216, 281, 663
216, 282, 505
216, 384, 434
216, 385, 556
217, 72, 407
217, 116, 494
217, 193, 441
217, 215, 280
217, 216, 139
217, 217, 0
217, 223, 511
217, 224, 524
217, 281, 627
217, 282, 558
217, 384, 544
217, 385, 462
223, 72, 383
223, 116, 154
223, 193, 276
223, 215, 555
223, 216, 576
223, 217, 546
223, 223, 0
223, 224, 215
223, 281, 142
223, 282, 249
223, 384, 305
223, 385, 54
224, 72, 356
224, 116, 332
224, 193, 402
224, 215, 464
224, 216, 565
224, 217, 674
224, 223, 235
224, 224, 0
224, 281, 254
224, 282, 206
224, 384, 134
224, 385, 240
281, 72, 470
281, 116, 234
281, 193, 356
281, 215, 671
281, 216, 715
281, 217, 625
281, 223, 152
281, 224, 379
281, 281, 0
281, 282, 337
281, 384, 342
281, 385, 195
282, 72, 368
282, 116, 182
282, 193, 304
282, 215, 540
282, 216, 561
282, 217, 574
282, 223, 29
282, 224, 200
282, 281, 158
282, 282, 0
282, 384, 321
282, 385, 82
384, 72, 222
384, 116, 345
384, 193, 268
384, 215, 329
384, 216, 431
384, 217, 567
384, 223, 248
384, 224, 161
384, 281, 300
384, 282, 219
384, 384, 0
384, 385, 253
20, 21, 459
20, 173, 264
20, 175, 312
20, 261, 348
20, 263, 497
20, 290, 582
21, 21, 0
21, 173, 510
21, 175, 116
21, 261, 366
21, 263, 274
21, 290, 259
173, 21, 451
173, 173, 0
173, 175, 305
173, 261, 156
173, 263, 304
173, 290, 483
175, 21, 145
175, 173, 393
175, 175, 0
175, 261, 249
175, 263, 384
175, 290, 269
261, 21, 404
261, 173, 144
261, 175, 287
261, 261, 0
261, 263, 149
261, 290, 327
263, 21, 296
263, 173, 298
263, 175, 184
263, 261, 154
263, 263, 0
263, 290, 179
95, 202, 71
95, 364, 131
95, 435, 173
95, 198, 314
202, 202, 0
202, 364, 155
202, 435, 225
202, 198, 363
364, 202, 244
364, 364, 0
364, 435, 278
364, 198, 208
435, 202, 180
435, 364, 240
435, 435, 0
435, 198, 141
50, 52, 152
50, 462, 246
52, 52, 0
52, 462, 298
89, 96, 294
89, 394, 248
89, 399, 425
89, 432, 401
89, 456, 456
89, 1, 339
89, 414, 250
89, 416, 303
89, 434, 190
89, 466, 404
89, 409, 140
96, 96, 0
96, 394, 129
96, 399, 291
96, 432, 267
96, 456, 322
96, 1, 405
96, 414, 352
96, 416, 365
96, 434, 292
96, 466, 395
96, 409, 241
394, 96, 120
394, 394, 0
394, 399, 242
394, 432, 218
394, 456, 273
394, 1, 446
394, 414, 393
394, 416, 387
394, 434, 333
394, 466, 346
394, 409, 283
399, 96, 296
399, 394, 226
399, 399, 0
399, 432, 186
399, 456, 233
399, 1, 200
399, 414, 250
399, 416, 145
399, 434, 191
399, 466, 104
399, 409, 337
432, 96, 288
432, 394, 340
432, 399, 113
432, 432, 0
432, 456, 55
432, 1, 314
432, 414, 416
432, 416, 258
432, 434, 304
432, 466, 217
432, 409, 450
456, 96, 348
456, 394, 400
456, 399, 173
456, 432, 197
456, 456, 0
456, 1, 374
456, 414, 423
456, 416, 318
456, 434, 364
456, 466, 277
456, 409, 510
1, 96, 362
1, 394, 242
1, 399, 391
1, 432, 455
1, 456, 331
1, 1, 0
1, 414, 70
1, 416, 235
1, 434, 41
1, 466, 331
1, 409, 249
414, 96, 438
414, 394, 318
414, 399, 322
414, 432, 309
414, 456, 262
414, 1, 89
414, 414, 0
414, 416, 165
414, 434, 130
414, 466, 262
414, 409, 338
416, 96, 309
416, 394, 189
416, 399, 426
416, 432, 402
416, 456, 366
416, 1, 194
416, 414, 105
416, 416, 0
416, 434, 46
416, 466, 354
416, 409, 192
434, 96, 321
434, 394, 201
434, 399, 381
434, 432, 414
434, 456, 321
434, 1, 149
434, 414, 60
434, 416, 225
434, 434, 0
434, 466, 321
434, 409, 221
466, 96, 363
466, 394, 267
466, 399, 189
466, 432, 176
466, 456, 128
466, 1, 144
466, 414, 214
466, 416, 201
466, 434, 185
466, 466, 0
466, 409, 393
10, 368, 682
10, 369, 311
10, 370, 281
10, 431, 496
10, 433, 497
368, 368, 0
368, 369, 192
368, 370, 404
368, 431, 290
368, 433, 423
369, 368, 367
369, 369, 0
369, 370, 212
369, 431, 224
369, 433, 293
370, 368, 540
370, 369, 295
370, 370, 0
370, 431, 215
370, 433, 216
431, 368, 325
431, 369, 270
431, 370, 340
431, 431, 0
431, 433, 129
69, 81, 629
69, 105, 133
69, 118, 391
69, 126, 348
69, 128, 651
69, 287, 233
69, 446, 252
69, 447, 401
81, 81, 0
81, 105, 486
81, 118, 652
81, 126, 362
81, 128, 271
81, 287, 417
81, 446, 386
81, 447, 482
105, 81, 762
105, 105, 0
105, 118, 509
105, 126, 275
105, 128, 790
105, 287, 366
105, 446, 385
105, 447, 524
118, 81, 523
118, 105, 258
118, 118, 0
118, 126, 473
118, 128, 503
118, 287, 358
118, 446, 337
118, 447, 197
126, 81, 601
126, 105, 274
126, 118, 549
126, 126, 0
126, 128, 623
126, 287, 205
126, 446, 158
126, 447, 352
128, 81, 411
128, 105, 748
128, 118, 491
128, 126, 651
128, 128, 0
128, 287, 584
128, 446, 530
128, 447, 390
287, 81, 397
287, 105, 306
287, 118, 435
287, 126, 182
287, 128, 419
287, 287, 0
287, 446, 182
287, 447, 273
446, 81, 450
446, 105, 295
446, 118, 392
446, 126, 152
446, 128, 472
446, 287, 54
446, 446, 0
446, 447, 194
18, 249, 206
18, 253, 150
249, 249, 0
249, 253, 218
60, 111, 435
60, 113, 217
111, 111, 0
111, 113, 369
234, 302, 295
234, 304, 154
302, 302, 0
302, 304, 406
7, 133, 639
7, 135, 378
7, 444, 459
7, 454, 534
7, 41, 569
7, 280, 726
133, 133, 0
133, 135, 392
133, 444, 337
133, 454, 317
133, 41, 394
133, 280, 505
135, 133, 305
135, 135, 0
135, 444, 112
135, 454, 187
135, 41, 221
135, 280, 378
444, 133, 184
444, 135, 120
444, 444, 0
444, 454, 66
444, 41, 110
444, 280, 266
454, 133, 118
454, 135, 292
454, 444, 242
454, 454, 0
454, 41, 329
454, 280, 422
41, 133, 470
41, 135, 376
41, 444, 419
41, 454, 336
41, 41, 0
41, 280, 157
292, 9, 239
292, 154, 230
292, 293, 102
9, 9, 0
9, 154, 145
9, 293, 279
154, 9, 223
154, 154, 0
154, 293, 415
83, 194, 415
83, 205, 220
83, 438, 402
83, 441, 373
83, 442, 484
83, 443, 544
83, 440, 371
194, 194, 0
194, 205, 178
194, 438, 360
194, 441, 331
194, 442, 343
194, 443, 353
194, 440, 329
205, 194, 194
205, 205, 0
205, 438, 181
205, 441, 152
205, 442, 263
205, 443, 324
205, 440, 150
438, 194, 95
438, 205, 178
438, 438, 0
438, 441, 169
438, 442, 141
438, 443, 151
438, 440, 167
441, 194, 386
441, 205, 460
441, 438, 294
441, 441, 0
441, 442, 111
441, 443, 145
441, 440, 262
442, 194, 223
442, 205, 305
442, 438, 128
442, 441, 137
442, 442, 0
442, 443, 249
442, 440, 295
443, 194, 241
443, 205, 323
443, 438, 145
443, 441, 180
443, 442, 193
443, 443, 0
443, 440, 313
386, 390, 117
386, 387, 231
390, 390, 0
390, 387, 114
448, 233, 223
33, 101, 154
33, 470, 196
33, 351, 1340
101, 101, 0
101, 470, 198
101, 351, 1186
470, 101, 181
470, 470, 0
470, 351, 1160
181, 204, 204
403, 463, 414
403, 28, 247
403, 360, 127
403, 402, 102
403, 408, 306
403, 413, 756
403, 415, 133
403, 359, 418
403, 401, 355
403, 412, 310
403, 426, 226
403, 425, 83
403, 428, 296
463, 463, 0
463, 28, 294
463, 360, 222
463, 402, 197
463, 408, 401
463, 413, 818
463, 415, 228
463, 359, 513
463, 401, 450
463, 412, 405
463, 426, 321
463, 425, 178
463, 428, 391
28, 463, 407
28, 28, 0
28, 360, 199
28, 402, 225
28, 408, 248
28, 413, 11
28, 415, 105
28, 359, 290
28, 401, 296
28, 412, 251
28, 426, 167
28, 425, 229
28, 428, 237
360, 463, 351
360, 28, 184
360, 360, 0
360, 402, 187
360, 408, 282
360, 413, 708
360, 415, 93
360, 359, 394
360, 401, 331
360, 412, 286
360, 426, 202
360, 425, 168
360, 428, 272
402, 463, 536
402, 28, 369
402, 360, 185
402, 402, 0
402, 408, 204
402, 413, 654
402, 415, 278
402, 359, 316
402, 401, 253
402, 412, 208
402, 426, 124
402, 425, 193
402, 428, 194
408, 463, 394
408, 28, 227
408, 360, 43
408, 402, 47
408, 408, 0
408, 413, 701
408, 415, 136
408, 359, 363
408, 401, 300
408, 412, 255
408, 426, 171
408, 425, 70
408, 428, 241
413, 463, 394
413, 28, 170
413, 360, 215
413, 402, 297
413, 408, 311
413, 413, 0
413, 415, 121
413, 359, 423
413, 401, 360
413, 412, 315
413, 426, 231
413, 425, 277
413, 428, 301
415, 463, 445
415, 28, 278
415, 360, 94
415, 402, 175
415, 408, 190
415, 413, 639
415, 415, 0
415, 359, 301
415, 401, 238
415, 412, 193
415, 426, 109
415, 425, 179
415, 428, 179
359, 463, 553
359, 28, 385
359, 360, 201
359, 402, 205
359, 408, 158
359, 413, 654
359, 415, 294
359, 359, 0
359, 401, 228
359, 412, 183
359, 426, 99
359, 425, 228
359, 428, 169
401, 463, 617
401, 28, 449
401, 360, 265
401, 402, 269
401, 408, 222
401, 413, 690
401, 415, 358
401, 359, 64
401, 401, 0
401, 412, 246
401, 426, 162
401, 425, 292
401, 428, 232
412, 463, 569
412, 28, 401
412, 360, 217
412, 402, 221
412, 408, 174
412, 413, 655
412, 415, 310
412, 359, 227
412, 401, 243
412, 412, 0
412, 426, 114
412, 425, 244
412, 428, 184
426, 463, 526
426, 28, 359
426, 360, 175
426, 402, 179
426, 408, 132
426, 413, 739
426, 415, 268
426, 359, 192
426, 401, 129
426, 412, 84
426, 426, 0
426, 425, 202
426, 428, 70
425, 463, 432
425, 28, 265
425, 360, 81
425, 402, 85
425, 408, 38
425, 413, 672
425, 415, 174
425, 359, 337
425, 401, 274
425, 412, 229
425, 426, 145
425, 425, 0
425, 428, 214
58, 258, 298
177, 178, 203
177, 285, 499
177, 395, 270
177, 396, 377
177, 430, 492
178, 178, 0
178, 285, 415
178, 395, 410
178, 396, 342
178, 430, 407
285, 178, 202
285, 285, 0
285, 395, 562
285, 396, 482
285, 430, 248
395, 178, 416
395, 285, 549
395, 395, 0
395, 396, 202
395, 430, 314
396, 178, 430
396, 285, 500
396, 395, 194
396, 396, 0
396, 430, 279
312, 330, 265
312, 331, 306
312, 334, 224
312, 335, 246
312, 324, 372
312, 333, 370
330, 330, 0
330, 331, 165
330, 334, 365
330, 335, 225
330, 324, 245
330, 333, 309
331, 330, 360
331, 331, 0
331, 334, 541
331, 335, 397
331, 324, 402
331, 333, 477
334, 330, 280
334, 331, 410
334, 334, 0
334, 335, 207
334, 324, 374
334, 333, 332
335, 330, 127
335, 331, 292
335, 334, 154
335, 335, 0
335, 324, 166
335, 333, 124
324, 330, 192
324, 331, 289
324, 334, 321
324, 335, 167
324, 324, 0
324, 333, 145
134, 220, 518
134, 221, 360
220, 220, 0
220, 221, 204
25, 90, 85
252, 49, 310
252, 257, 450
49, 49, 0
49, 257, 323
159, 167, 254
159, 169, 83
159, 397, 508
159, 6, 261
167, 167, 0
167, 169, 370
167, 397, 405
167, 6, 419
169, 167, 171
169, 169, 0
169, 397, 425
169, 6, 320
397, 167, 340
397, 169, 331
397, 397, 0
397, 6, 204
145, 0, 442
145, 382, 115
145, 104, 305
145, 400, 386
145, 383, 335
145, 378, 562
0, 0, 0
0, 382, 182
0, 104, 120
0, 400, 87
0, 383, 307
0, 378, 429
382, 0, 327
382, 382, 0
382, 104, 190
382, 400, 271
382, 383, 222
382, 378, 447
104, 0, 409
104, 382, 258
104, 104, 0
104, 400, 353
104, 383, 236
104, 378, 309
400, 0, 92
400, 382, 290
400, 104, 212
400, 400, 0
400, 383, 415
400, 378, 521
383, 0, 172
383, 382, 264
383, 104, 168
383, 400, 116
383, 383, 0
383, 378, 389
155, 171, 365
155, 286, 532
155, 398, 554
155, 439, 531
171, 171, 0
171, 286, 301
171, 398, 404
171, 439, 561
286, 171, 306
286, 286, 0
286, 398, 319
286, 439, 476
398, 171, 394
398, 286, 343
398, 398, 0
398, 439, 157
39, 256, 417
39, 275, 279
256, 256, 0
256, 275, 146
19, 170, 513
19, 174, 376
19, 262, 103
19, 406, 223
19, 407, 272
170, 170, 0
170, 174, 213
170, 262, 209
170, 406, 329
170, 407, 378
174, 170, 218
174, 174, 0
174, 262, 324
174, 406, 156
174, 407, 313
262, 170, 793
262, 174, 575
262, 262, 0
262, 406, 422
262, 407, 293
406, 170, 371
406, 174, 153
406, 262, 231
406, 406, 0
406, 407, 157
190, 231, 382
190, 67, 414
231, 231, 0
231, 67, 506
66, 244, 161
48, 142, 292
48, 356, 136
48, 84, 138
48, 350, 188
48, 355, 311
48, 141, 257
48, 349, 401
142, 142, 0
142, 356, 187
142, 84, 111
142, 350, 239
142, 355, 417
142, 141, 222
142, 349, 438
356, 142, 330
356, 356, 0
356, 84, 176
356, 350, 226
356, 355, 238
356, 141, 295
356, 349, 439
84, 142, 331
84, 356, 312
84, 84, 0
84, 350, 364
84, 355, 375
84, 141, 196
84, 349, 398
350, 142, 378
350, 356, 222
350, 84, 224
350, 350, 0
350, 355, 283
350, 141, 343
350, 349, 487
355, 142, 477
355, 356, 328
355, 84, 340
355, 350, 380
355, 355, 0
355, 141, 296
355, 349, 266
141, 142, 479
141, 356, 487
141, 84, 264
141, 350, 539
141, 355, 368
141, 141, 0
141, 349, 216
